chr	start	end	width	nvar	copy_number	lohtype	major_allele	minor_allele
chr1	14464	796377	781913.0	2	3	ASCNA		
chr1	796771	16886986	16090215.0	2	2	HET		
chr1	16887691	16902113	14422.0	2	6	ASCNA		
chr1	16902426	17250836	348410.0	2	2	HET		
chr1	17251055	34684463	17433408.0	2	2	NLOH		
chr1	34684617	34869618	185001.0	2	2	HET		
chr1	34871653	48399059	13527406.0	2	2	NLOH		
chr1	48400398	50620945	2220547.0	2	2	HET		
chr1	50623740	55935941	5312201.0	2	2	HET		
chr1	55939278	62121100	6181822.0	2	3	ASCNA		
chr1	62121272	65933072	3811800.0	2	2	HET		
chr1	65935494	67278493	1342999.0	2	4	BCNA		
chr1	67289897	68978132	1688235.0	2	2	HET		
chr1	68979789	81839426	12859637.0	2	4	BCNA		
chr1	81840063	84721240	2881177.0	2	4	BCNA		
chr1	84722670	87715097	2992427.0	2	2	HET		
chr1	87715860	90632752	2916892.0	2	2	NLOH		
chr1	90635360	91028584	393224.0	2	4	BCNA		
chr1	91028707	95719179	4690472.0	2	2	HET		
chr1	95720137	101013188	5293051.0	2	4	BCNA		
chr1	101027413	101866970	839557.0	2	2	HET		
chr1	101868913	108427056	6558143.0	2	4	BCNA		
chr1	108429773	111161677	2731904.0	2	2	HET		
chr1	111165855	112823019	1657164.0	2	2	HET		
chr1	112823823	113780470	956647.0	2	2	HET		
chr1	113781358	121482689	7701331.0	2	2	HET		
chr1	142566390	152193990	9627600.0	2	3	ASCNA		
chr1	152194601	153182115	987514.0	2	3	ASCNA		
chr1	153182291	158343145	5160854.0	2	3	ASCNA		
chr1	158355518	159748866	1393348.0	2	6	ASCNA		
chr1	159749188	160429160	679972.0	2	3	ASCNA		
chr1	160438083	160702642	264559.0	2	6	ASCNA		
chr1	160707066	164283740	3576674.0	2	3	ASCNA		
chr1	164286913	166141817	1854904.0	2	3	ASCNA		
chr1	166145466	171314142	5168676.0	2	3	ASCNA		
chr1	171314257	171901701	587444.0	2	3	ASCNA		
chr1	171903507	173040389	1136882.0	2	6	ASCNA		
chr1	173042018	178426293	5384275.0	2	3	ASCNA		
chr1	178428494	179462349	1033855.0	2	3	ASCNA		
chr1	179462801	179683218	220417.0	2	3	ASCNA		
chr1	179683571	179690377	6806.0	2	13	ASCNA		
chr1	179690600	199762429	20071829.0	2	4	ASCNA		
chr1	199763197	207097778	7334581.0	2	3	ASCNA		
chr1	207146837	208458908	1312071.0	2	3	ASCNA		
chr1	208466901	211231451	2764550.0	2	3	ASCNA		
chr1	211232227	218819597	7587370.0	2	3	ASCNA		
chr1	218822451	220073117	1250666.0	2	6	ASCNA		
chr1	220073531	221829438	1755907.0	2	3	ASCNA		
chr1	221831026	221856899	25873.0	2	9	ASCNA		
chr1	221861987	228721988	6860001.0	2	3	ASCNA		
chr1	228722903	228734077	11174.0	2	14	ASCNA		
chr1	228735491	240023786	11288295.0	2	3	ASCNA		
chr1	240025977	241614183	1588206.0	2	3	ASCNA		
chr1	241621708	247647793	6026085.0	2	2	HET		
chr1	247649198	248131036	481838.0	2	2	HET		
chr1	248133758	248843314	709556.0	2	4	BCNA		
chr1	248843692	249240303	396611.0	2	2	HET		
chr2	10797	7926595	7915798.0	2	2	HET		
chr2	7926932	13307169	5380237.0	2	2	HET		
chr2	13309147	14688914	1379767.0	2	2	NLOH		
chr2	14691935	19048554	4356619.0	2	1	DLOH		
chr2	19050984	19779555	728571.0	2	2	HET		
chr2	19780305	20882226	1101921.0	2	2	HET		
chr2	20884262	21807450	923188.0	2	2	HET		
chr2	21832049	23127909	1295860.0	2	4	ASCNA		
chr2	23129954	28071190	4941236.0	2	2	HET		
chr2	28072702	28405145	332443.0	2	2	HET		
chr2	28410955	29650736	1239781.0	2	2	HET		
chr2	29650870	30230965	580095.0	2	1	DLOH		
chr2	30231865	34188579	3956714.0	2	2	HET		
chr2	34189958	38528761	4338803.0	2	2	HET		
chr2	38529911	39863210	1333299.0	2	2	HET		
chr2	39875983	42071438	2195455.0	2	4	BCNA		
chr2	42072526	47037880	4965354.0	2	2	NLOH		
chr2	47038607	48201170	1162563.0	2	2	HET		
chr2	48201465	53692326	5490861.0	2	4	BCNA		
chr2	53694675	55988681	2294006.0	2	2	HET		
chr2	55988948	60533969	4545021.0	2	4	BCNA		
chr2	60534338	62778597	2244259.0	2	2	HET		
chr2	62778901	66838072	4059171.0	2	2	HET		
chr2	66847834	72387539	5539705.0	2	3	ASCNA		
chr2	72389334	73007522	618188.0	2	2	HET		
chr2	73008851	75156603	2147752.0	2	2	HET		
chr2	75159388	85002025	9842637.0	2	4	BCNA		
chr2	85022002	89606948	4584946.0	2	2	HET		
chr2	89830578	89878800	48222.0	2	6	BCNA		
chr2	89880051	90320040	439989.0	2	2	HET		
chr2	90371783	90408442	36659.0	2	11	ASCNA		
chr2	90408557	92264777	1856220.0	2	2	HET		
chr2	92268451	92326067	57616.0	2	13	ASCNA		
chr2	95341216	104981857	9640641.0	2	2	HET		
chr2	104984490	107216345	2231855.0	2	2	HET		
chr2	107216629	108970353	1753724.0	2	2	HET		
chr2	108971351	114794638	5823287.0	2	2	NLOH		
chr2	114808842	118529856	3721014.0	2	4	BCNA		
chr2	118530005	123001672	4471667.0	2	2	HET		
chr2	123002290	127390845	4388555.0	2	4	BCNA		
chr2	127390890	153752518	26361628.0	2	2	HET		
chr2	153753133	159297422	5544289.0	2	4	BCNA		
chr2	159298815	171244247	11945432.0	2	2	HET		
chr2	171244498	175925321	4680823.0	2	2	HET		
chr2	175926613	184271677	8345064.0	2	2	HET		
chr2	184273659	190254975	5981316.0	2	3	ASCNA		
chr2	190261122	192628242	2367120.0	2	2	HET		
chr2	192629686	196264121	3634435.0	2	4	BCNA		
chr2	196266891	198627310	2360419.0	2	2	HET		
chr2	198628933	200285097	1656164.0	2	4	BCNA		
chr2	200319950	204565556	4245606.0	2	2	HET		
chr2	204566666	208282464	3715798.0	2	2	NLOH		
chr2	208287581	209243085	955504.0	2	2	HET		
chr2	209263023	211372796	2109773.0	2	2	NLOH		
chr2	211373491	218273211	6899720.0	2	2	HET		
chr2	218274288	218413172	138884.0	2	4	BCNA		
chr2	218414256	224537765	6123509.0	2	2	HET		
chr2	224538558	224916118	377560.0	2	2	HET		
chr2	224916622	225770377	853755.0	2	2	HET		
chr2	225812560	227844265	2031705.0	2	2	HET		
chr2	227846524	228803376	956852.0	2	2	HET		
chr2	228803711	231308326	2504615.0	2	2	HET		
chr2	231309217	243157377	11848160.0	2	2	HET		
chr3	60363	2741953	2681590.0	2	4	BCNA		
chr3	2742165	3224538	482373.0	2	4	ASCNA		
chr3	3224578	5356291	2131713.0	2	2	HET		
chr3	5358976	8451138	3092162.0	2	4	BCNA		
chr3	8454251	16693200	8238949.0	2	2	HET		
chr3	16693427	19718269	3024842.0	2	6	ASCNA		
chr3	19721676	20373742	652066.0	2	2	HET		
chr3	20377288	23628784	3251496.0	2	4	BCNA		
chr3	23629634	24064668	435034.0	2	2	HET		
chr3	24067144	27139488	3072344.0	2	4	BCNA		
chr3	27139885	27864176	724291.0	2	2	HET		
chr3	27865249	30497618	2632369.0	2	4	BCNA		
chr3	30510150	31682527	1172377.0	2	2	HET		
chr3	31685398	33977390	2291992.0	2	2	NLOH		
chr3	33978130	36732970	2754840.0	2	4	BCNA		
chr3	36732971	56554409	19821438.0	2	2	HET		
chr3	56556589	58669568	2112979.0	2	2	HET		
chr3	58685959	62491047	3805088.0	2	2	HET		
chr3	62493822	63625070	1131248.0	2	4	BCNA		
chr3	63625953	65714682	2088729.0	2	3	ASCNA		
chr3	65716956	66940414	1223458.0	2	2	HET		
chr3	66941692	67960061	1018369.0	2	2	HET		
chr3	67962634	69020937	1058303.0	2	4	BCNA		
chr3	69021763	73309291	4287528.0	2	2	HET		
chr3	73310082	75231984	1921902.0	2	4	BCNA		
chr3	75270680	75883340	612660.0	2	2	HET		
chr3	75928125	90374752	14446627.0	2	4	BCNA		
chr3	93724804	109170031	15445227.0	2	3	ASCNA		
chr3	109170515	113996480	4825965.0	2	2	NLOH		
chr3	113998545	119005533	5006988.0	2	4	BCNA		
chr3	119013558	120465622	1452064.0	2	2	HET		
chr3	120466923	121154974	688051.0	2	4	BCNA		
chr3	121155943	129882877	8726934.0	2	2	HET		
chr3	129896473	133080663	3184190.0	2	4	BCNA		
chr3	133082473	135017016	1934543.0	2	2	NLOH		
chr3	135018070	135266236	248166.0	2	4	BCNA		
chr3	135268203	136858901	1590698.0	2	2	HET		
chr3	136859237	137683520	824283.0	2	4	BCNA		
chr3	137718490	139406495	1688005.0	2	2	HET		
chr3	139407384	142897284	3489900.0	2	2	HET		
chr3	142981623	148564229	5582606.0	2	4	BCNA		
chr3	148567228	151211854	2644626.0	2	2	HET		
chr3	151212589	158258662	7046073.0	2	3	ASCNA		
chr3	158260514	158494698	234184.0	2	2	HET		
chr3	158499695	159379436	879741.0	2	4	BCNA		
chr3	159380369	161096746	1716377.0	2	2	HET		
chr3	161097117	169331159	8234042.0	2	4	BCNA		
chr3	169334865	170708830	1373965.0	2	2	HET		
chr3	170709193	170729873	20680.0	2	8	BCNA		
chr3	170732300	172498216	1765916.0	2	2	NLOH		
chr3	172501443	176524036	4022593.0	2	4	ASCNA		
chr3	176525654	178739594	2213940.0	2	4	BCNA		
chr3	178742044	179567416	825372.0	2	2	HET		
chr3	179569232	180270260	701028.0	2	7	ASCNA		
chr3	180270656	187070648	6799992.0	2	2	HET		
chr3	187079327	187406785	327458.0	2	4	BCNA		
chr3	187407723	188255561	847838.0	2	4	BCNA		
chr3	188256066	188372258	116192.0	2	4	BCNA		
chr3	188373087	193133893	4760806.0	2	4	BCNA		
chr3	193134759	195197382	2062623.0	2	2	HET		
chr3	195212444	195231728	19284.0	2	11	ASCNA		
chr3	195232519	195547195	314676.0	2	2	HET		
chr3	195549973	197730554	2180581.0	2	2	HET		
chr4	10642	68507	57865.0	2	4	ASCNA		
chr4	72048	4950667	4878619.0	2	2	NLOH		
chr4	4951819	5218696	266877.0	2	2	HET		
chr4	5219883	10274383	5054500.0	2	2	HET		
chr4	10274626	10354341	79715.0	2	4	BCNA		
chr4	10356348	15469578	5113230.0	2	4	BCNA		
chr4	15477920	16196117	718197.0	2	2	HET		
chr4	16196601	17389207	1192606.0	2	2	HET		
chr4	17393499	17836164	442665.0	2	2	HET		
chr4	17839543	23446529	5606986.0	2	3	ASCNA		
chr4	24247559	40713584	16466025.0	2	2	HET		
chr4	40753522	42408441	1654919.0	2	2	HET		
chr4	42410946	49098614	6687668.0	2	4	BCNA		
chr4	49100764	49637496	536732.0	2	3	ASCNA		
chr4	49638869	49659327	20458.0	2	9	ASCNA		
chr4	52662394	56135633	3473239.0	2	2	NLOH		
chr4	56136052	58064706	1928654.0	2	2	HET		
chr4	58065634	71992852	13927218.0	2	4	BCNA		
chr4	71992988	76447739	4454751.0	2	4	BCNA		
chr4	76447941	79923465	3475524.0	2	2	HET		
chr4	79923608	83155813	3232205.0	2	4	BCNA		
chr4	83160983	84570693	1409710.0	2	2	NLOH		
chr4	84621498	87135259	2513761.0	2	3	ASCNA		
chr4	87135564	94669706	7534142.0	2	3	ASCNA		
chr4	94673037	96245112	1572075.0	2	2	NLOH		
chr4	96245303	100051556	3806253.0	2	4	ASCNA		
chr4	100051877	108622993	8571116.0	2	4	BCNA		
chr4	108623628	111583334	2959706.0	2	2	NLOH		
chr4	111584419	112780943	1196524.0	2	4	BCNA		
chr4	112781104	120394535	7613431.0	2	3	ASCNA		
chr4	120395809	124533651	4137842.0	2	2	HET		
chr4	124539204	128628679	4089475.0	2	4	BCNA		
chr4	128631135	139783265	11152130.0	2	4	BCNA		
chr4	139788300	148508838	8720538.0	2	2	HET		
chr4	148510474	149524081	1013607.0	2	2	HET		
chr4	149527526	150811780	1284254.0	2	4	BCNA		
chr4	150812166	154794448	3982282.0	2	2	HET		
chr4	154795303	165656903	10861600.0	2	3	ASCNA		
chr4	165657026	169522966	3865940.0	2	2	HET		
chr4	169523224	171167789	1644565.0	2	2	HET		
chr4	171172269	178745616	7573347.0	2	2	HET		
chr4	178748072	190970407	12222335.0	2	2	HET		
chr4	190970474	191043529	73055.0	2	3	ASCNA		
chr5	13319	697535	684216.0	2	2	HET		
chr5	700311	847220	146909.0	2	3	ASCNA		
chr5	850827	6908466	6057639.0	2	2	HET		
chr5	6909491	13796277	6886786.0	2	3	ASCNA		
chr5	13818435	16519107	2700672.0	2	2	HET		
chr5	16519305	17735395	1216090.0	2	2	HET		
chr5	17735878	31356718	13620840.0	2	3	ASCNA		
chr5	31356826	32772043	1415217.0	2	2	NLOH		
chr5	32772691	33832433	1059742.0	2	2	HET		
chr5	33836436	42751797	8915361.0	2	2	NLOH		
chr5	42752754	43620363	867609.0	2	2	HET		
chr5	43648175	45897808	2249633.0	2	4	BCNA		
chr5	45904802	46405351	500549.0	2	6	ASCNA		
chr5	49419050	49555001	135951.0	2	6	BCNA		
chr5	49555562	54440585	4885023.0	2	2	HET		
chr5	54442030	56551802	2109772.0	2	2	HET		
chr5	56554877	59837767	3282890.0	2	2	NLOH		
chr5	59840036	62133675	2293639.0	2	2	HET		
chr5	62134771	64180343	2045572.0	2	4	BCNA		
chr5	64181690	66736697	2555007.0	2	2	HET		
chr5	66736817	67198062	461245.0	2	4	BCNA		
chr5	67204886	68252021	1047135.0	2	2	HET		
chr5	68253952	68844365	590413.0	2	2	HET		
chr5	68845051	70656089	1811038.0	2	2	HET		
chr5	70656702	75054602	4397900.0	2	2	HET		
chr5	75054898	75461777	406879.0	2	4	BCNA		
chr5	75462736	92336850	16874114.0	2	2	HET		
chr5	92336922	141598009	49261087.0	2	3	ASCNA		
chr5	141771673	148486371	6714698.0	2	2	HET		
chr5	148486481	150227615	1741134.0	2	2	NLOH		
chr5	150227998	150368434	140436.0	2	2	HET		
chr5	150369748	151549022	1179274.0	2	2	HET		
chr5	151550116	152820419	1270303.0	2	4	BCNA		
chr5	152821442	153493928	672486.0	2	2	HET		
chr5	153494239	154411562	917323.0	2	2	NLOH		
chr5	154416309	154787869	371560.0	2	2	HET		
chr5	154792393	156208190	1415797.0	2	2	NLOH		
chr5	156214024	157425761	1211737.0	2	2	NLOH		
chr5	157429048	159972306	2543258.0	2	2	HET		
chr5	159972849	167522971	7550122.0	2	3	ASCNA		
chr5	167531223	170331469	2800246.0	2	2	HET		
chr5	170332782	170526094	193312.0	2	4	BCNA		
chr5	170529335	175355453	4826118.0	2	2	NLOH		
chr5	175356226	175749845	393619.0	2	2	HET		
chr5	175798239	180743350	4945111.0	2	2	HET		
chr6	121394	6596750	6475356.0	2	2	NLOH		
chr6	6598128	8327317	1729189.0	2	2	HET		
chr6	8330535	10063102	1732567.0	2	2	HET		
chr6	10066411	18619038	8552627.0	2	2	NLOH		
chr6	18619956	19125359	505403.0	2	4	BCNA		
chr6	19125680	22070577	2944897.0	2	2	NLOH		
chr6	22160102	24336644	2176542.0	2	2	HET		
chr6	24337434	25927388	1589954.0	2	2	HET		
chr6	25928099	29362293	3434194.0	2	2	HET		
chr6	29362507	29392503	29996.0	2	4	BCNA		
chr6	29392972	39945015	10552043.0	2	2	NLOH		
chr6	39948310	40047261	98951.0	2	4	BCNA		
chr6	40049920	40097013	47093.0	2	9	ASCNA		
chr6	40100606	45944838	5844232.0	2	2	NLOH		
chr6	45945045	47729111	1784066.0	2	2	NLOH		
chr6	47730633	51672938	3942305.0	2	3	ASCNA		
chr6	51676922	53846765	2169843.0	2	2	HET		
chr6	53848811	55522864	1674053.0	2	4	BCNA		
chr6	55542500	57502375	1959875.0	2	2	HET		
chr6	57505054	58723489	1218435.0	2	6	ASCNA		
chr6	58724262	58778876	54614.0	2	8	BCNA		
chr6	61934944	70894909	8959965.0	2	4	BCNA		
chr6	70895296	73891641	2996345.0	2	2	HET		
chr6	73904416	74442924	538508.0	2	2	HET		
chr6	74460577	78194242	3733665.0	2	4	BCNA		
chr6	78197122	81438876	3241754.0	2	4	BCNA		
chr6	81439077	81681232	242155.0	2	11	ASCNA		
chr6	81683654	85931197	4247543.0	2	2	HET		
chr6	85931294	85978085	46791.0	2	11	ASCNA		
chr6	85978279	87738765	1760486.0	2	2	HET		
chr6	87741956	89611265	1869309.0	2	2	HET		
chr6	89616348	90683044	1066696.0	2	2	HET		
chr6	90684355	99131511	8447156.0	2	4	ASCNA		
chr6	99133102	105125967	5992865.0	2	4	BCNA		
chr6	105128534	106350725	1222191.0	2	2	HET		
chr6	106352349	109678572	3326223.0	2	2	NLOH		
chr6	109679110	112701479	3022369.0	2	2	HET		
chr6	112701873	121692671	8990798.0	2	2	HET		
chr6	121700454	122121005	420551.0	2	2	NLOH		
chr6	122131633	135710694	13579061.0	2	3	ASCNA		
chr6	135715375	140132136	4416761.0	2	2	NLOH		
chr6	140134180	148484443	8350263.0	2	3	ASCNA		
chr6	148497441	152838121	4340680.0	2	2	HET		
chr6	152841904	154448021	1606117.0	2	2	HET		
chr6	154448137	155790200	1342063.0	2	2	HET		
chr6	155790903	156761338	970435.0	2	2	HET		
chr6	156763643	161328477	4564834.0	2	2	NLOH		
chr6	161330204	165984264	4654060.0	2	2	HET		
chr6	165985086	167581179	1596093.0	2	2	HET		
chr6	167583668	169462863	1879195.0	2	2	HET		
chr6	169656079	171048918	1392839.0	2	2	NLOH		
chr7	20987	75189	54202.0	2	3	ASCNA		
chr7	75339	3340187	3264848.0	2	2	NLOH		
chr7	3341615	3575823	234208.0	2	2	HET		
chr7	3576538	6985924	3409386.0	2	2	HET		
chr7	6986302	8489911	1503609.0	2	2	HET		
chr7	8492022	13354309	4862287.0	2	4	BCNA		
chr7	13356727	20690191	7333464.0	2	2	HET		
chr7	20691219	31179353	10488134.0	2	2	NLOH		
chr7	31179654	32247043	1067389.0	2	2	HET		
chr7	32247656	33207921	960265.0	2	2	HET		
chr7	33209509	36693884	3484375.0	2	2	HET		
chr7	36696060	46422594	9726534.0	2	2	HET		
chr7	46430800	47065952	635152.0	2	2	HET		
chr7	47068446	50176163	3107717.0	2	2	HET		
chr7	50176409	54606927	4430518.0	2	3	ASCNA		
chr7	54620307	57872630	3252323.0	2	2	HET		
chr7	57878576	58054207	175631.0	2	8	ASCNA		
chr7	61055325	62452911	1397586.0	2	6	BCNA		
chr7	62491454	63831729	1340275.0	2	2	HET		
chr7	63832181	63856372	24191.0	2	6	BCNA		
chr7	63858079	76276088	12418009.0	2	2	HET		
chr7	76283793	76572633	288840.0	2	4	BCNA		
chr7	76576152	77762013	1185861.0	2	2	NLOH		
chr7	77767963	80383779	2615816.0	2	4	BCNA		
chr7	80384050	80794119	410069.0	2	2	HET		
chr7	80794515	86637571	5843056.0	2	4	BCNA		
chr7	86638628	92800674	6162046.0	2	4	BCNA		
chr7	92808929	96514198	3705269.0	2	3	ASCNA		
chr7	96515086	96541188	26102.0	2	11	ASCNA		
chr7	96542225	102547988	6005763.0	2	2	NLOH		
chr7	102558003	104409839	1851836.0	2	2	HET		
chr7	104470246	107102817	2632571.0	2	2	HET		
chr7	107105656	107181055	75399.0	2	4	BCNA		
chr7	107181231	108251587	1070356.0	2	2	HET		
chr7	108252714	109544276	1291562.0	2	4	BCNA		
chr7	109545302	127056645	17511343.0	2	3	ASCNA		
chr7	127057076	132946598	5889522.0	2	2	HET		
chr7	132948884	135679572	2730688.0	2	2	HET		
chr7	135692555	137229734	1537179.0	2	3	ASCNA		
chr7	137229997	147566595	10336598.0	2	2	HET		
chr7	147566862	150177825	2610963.0	2	2	HET		
chr7	150178925	150411870	232945.0	2	3	ASCNA		
chr7	150413470	154193977	3780507.0	2	2	HET		
chr7	154194462	154257596	63134.0	2	3	ASCNA		
chr7	154258540	158931067	4672527.0	2	2	HET		
chr8	11472	161222	149750.0	2	2	HET		
chr8	161635	5877767	5716132.0	2	2	NLOH		
chr8	5877923	7226035	1348112.0	2	2	HET		
chr8	7227633	8020733	793100.0	2	3	ASCNA		
chr8	8020758	11194733	3173975.0	2	2	HET		
chr8	11361894	12457982	1096088.0	2	2	HET		
chr8	12458555	17985929	5527374.0	2	2	HET		
chr8	17987012	23432332	5445320.0	2	2	HET		
chr8	23434335	24736025	1301690.0	2	2	HET		
chr8	24738776	25562275	823499.0	2	2	HET		
chr8	25562901	25662526	99625.0	2	9	ASCNA		
chr8	25662655	26635397	972742.0	2	2	HET		
chr8	26638553	26962169	323616.0	2	2	HET		
chr8	26964212	37181125	10216913.0	2	2	HET		
chr8	37181510	38957735	1776225.0	2	2	HET		
chr8	38958329	43093766	4135437.0	2	2	HET		
chr8	43094017	43426811	332794.0	2	2	HET		
chr8	43429099	43819707	390608.0	2	8	ASCNA		
chr8	46840796	46921501	80705.0	2	6	BCNA		
chr8	46921818	47362880	441062.0	2	5	ASCNA		
chr8	47364866	47445129	80263.0	2	11	ASCNA		
chr8	47457233	47808186	350953.0	2	4	BCNA		
chr8	47809337	49840173	2030836.0	2	2	HET		
chr8	49842784	52065486	2222702.0	2	4	BCNA		
chr8	52065917	54328774	2262857.0	2	2	HET		
chr8	54329692	54372218	42526.0	2	7	ASCNA		
chr8	54375225	55488334	1113109.0	2	2	NLOH		
chr8	55488540	63894455	8405915.0	2	2	HET		
chr8	63898146	66365374	2467228.0	2	2	HET		
chr8	66366399	70155689	3789290.0	2	2	HET		
chr8	70155917	71472655	1316738.0	2	2	HET		
chr8	71477850	73839856	2362006.0	2	2	HET		
chr8	73840240	75235867	1395627.0	2	2	HET		
chr8	75236508	80630210	5393702.0	2	4	BCNA		
chr8	80630850	82005639	1374789.0	2	2	HET		
chr8	82009043	96263909	14254866.0	2	3	ASCNA		
chr8	96266941	98132238	1865297.0	2	2	NLOH		
chr8	98132773	100825521	2692748.0	2	2	HET		
chr8	100839363	102774541	1935178.0	2	2	NLOH		
chr8	102816808	103200972	384164.0	2	2	HET		
chr8	103743124	115466443	11723319.0	2	3	ASCNA		
chr8	115476931	117853345	2376414.0	2	2	HET		
chr8	117853957	118712227	858270.0	2	4	BCNA		
chr8	118713811	120554245	1840434.0	2	2	NLOH		
chr8	120554407	121647875	1093468.0	2	2	HET		
chr8	121648523	126736794	5088271.0	2	2	HET		
chr8	126761402	127176135	414733.0	2	7	ASCNA		
chr8	127176358	128628275	1451917.0	2	2	NLOH		
chr8	128628657	129175460	546803.0	2	1	DLOH		
chr8	129176011	130778997	1602986.0	2	6	ASCNA		
chr8	130779694	131829520	1049826.0	2	1	DLOH		
chr8	131833993	133086584	1252591.0	2	4	BCNA		
chr8	133091905	133992758	900853.0	2	2	HET		
chr8	133994993	136969182	2974189.0	2	3	ASCNA		
chr8	136969785	139028105	2058320.0	2	4	BCNA		
chr8	139030092	140071978	1041886.0	2	2	HET		
chr8	140072758	140145219	72461.0	2	4	BCNA		
chr8	140146110	140599226	453116.0	2	2	HET		
chr8	140599691	146200290	5600599.0	2	2	HET		
chr8	146200945	146211595	10650.0	2	7	ASCNA		
chr8	146212620	146300763	88143.0	2	5	ASCNA		
chr9	10503	195387	184884.0	2	3	ASCNA		
chr9	195579	1153978	958399.0	2	2	NLOH		
chr9	1154321	7556414	6402093.0	2	2	HET		
chr9	7556466	15712636	8156170.0	2	4	BCNA		
chr9	15713090	16017055	303965.0	2	3	ASCNA		
chr9	16022561	16985629	963068.0	2	2	HET		
chr9	16986039	18901821	1915782.0	2	2	HET		
chr9	18906417	19487162	580745.0	2	2	HET		
chr9	19488141	26767853	7279712.0	2	4	BCNA		
chr9	26768911	27666591	897680.0	2	2	HET		
chr9	27668007	32145793	4477786.0	2	4	BCNA		
chr9	32146139	38801572	6655433.0	2	2	HET		
chr9	38801921	47272761	8470840.0	2	2	HET		
chr9	65470666	66841303	1370637.0	2	3	ASCNA		
chr9	66841790	66997449	155659.0	2	8	BCNA		
chr9	67049507	69334658	2285151.0	2	2	HET		
chr9	69335408	69352506	17098.0	2	6	BCNA		
chr9	69352847	71016215	1663368.0	2	2	HET		
chr9	71016551	73423124	2406573.0	2	2	HET		
chr9	73423737	74262903	839166.0	2	2	NLOH		
chr9	74263775	77152627	2888852.0	2	2	HET		
chr9	77153465	78146475	993010.0	2	2	HET		
chr9	78147051	78458130	311079.0	2	4	BCNA		
chr9	78458395	84031893	5573498.0	2	2	HET		
chr9	84077131	84744273	667142.0	2	1	DLOH		
chr9	84750462	85592091	841629.0	2	4	BCNA		
chr9	85596037	103359912	17763875.0	2	2	HET		
chr9	103360475	107236146	3875671.0	2	4	BCNA		
chr9	107237345	108483741	1246396.0	2	2	NLOH		
chr9	108484392	109965531	1481139.0	2	4	BCNA		
chr9	109972108	110689218	717110.0	2	2	HET		
chr9	110690301	112370353	1680052.0	2	2	NLOH		
chr9	112378977	112527594	148617.0	2	9	ASCNA		
chr9	112529172	113369451	840279.0	2	2	HET		
chr9	113369761	113975273	605512.0	2	2	NLOH		
chr9	113976743	117928676	3951933.0	2	2	NLOH		
chr9	117930567	141058424	23127857.0	2	2	HET		
chr9	141060757	141123983	63226.0	2	3	ASCNA		
chr10	60812	3690859	3630047.0	2	2	HET		
chr10	3690886	6488790	2797904.0	2	2	HET		
chr10	6489170	7183584	694414.0	2	2	NLOH		
chr10	7184455	8540193	1355738.0	2	2	HET		
chr10	8540621	11195342	2654721.0	2	2	HET		
chr10	11196486	15738818	4542332.0	2	2	NLOH		
chr10	15739261	19025442	3286181.0	2	2	HET		
chr10	19026307	25531504	6505197.0	2	3	ASCNA		
chr10	25531922	28335832	2803910.0	2	2	HET		
chr10	28336097	31688016	3351919.0	2	2	HET		
chr10	31693517	31820426	126909.0	2	4	BCNA		
chr10	31822517	34818154	2995637.0	2	2	HET		
chr10	34820706	36020641	1199935.0	2	2	NLOH		
chr10	36021433	36723415	701982.0	2	1	DLOH		
chr10	36740157	37124986	384829.0	2	1	DLOH		
chr10	37125356	38756251	1630895.0	2	2	HET		
chr10	38757402	38889751	132349.0	2	7	ASCNA		
chr10	38890011	39067244	177233.0	2	2	HET		
chr10	39067942	39154721	86779.0	2	13	ASCNA		
chr10	42355772	42669489	313717.0	2	8	ASCNA		
chr10	42673902	42805927	132025.0	2	3	ASCNA		
chr10	42824762	44711567	1886805.0	2	2	NLOH		
chr10	44712128	44726720	14592.0	2	7	ASCNA		
chr10	44727038	46930831	2203793.0	2	2	NLOH		
chr10	46930979	47134007	203028.0	2	3	ASCNA		
chr10	47134679	49497852	2363173.0	2	2	HET		
chr10	49527608	51934516	2406908.0	2	2	NLOH		
chr10	51936446	60361270	8424824.0	2	4	BCNA		
chr10	60361562	64772470	4410908.0	2	2	NLOH		
chr10	64773396	65517204	743808.0	2	2	HET		
chr10	65518522	69339595	3821073.0	2	4	BCNA		
chr10	69370076	77895222	8525146.0	2	2	HET		
chr10	77900054	78641411	741357.0	2	6	ASCNA		
chr10	78642999	82390630	3747631.0	2	2	HET		
chr10	82392002	85652232	3260230.0	2	3	ASCNA		
chr10	85652694	86488321	835627.0	2	2	HET		
chr10	86488774	87511761	1022987.0	2	4	BCNA		
chr10	87514045	89803608	2289563.0	2	2	HET		
chr10	89806294	91512968	1706674.0	2	2	HET		
chr10	91517016	92561557	1044541.0	2	4	BCNA		
chr10	92562377	95775383	3213006.0	2	2	HET		
chr10	95776122	95885925	109803.0	2	4	BCNA		
chr10	95889973	96442917	552944.0	2	2	HET		
chr10	96448129	96925856	477727.0	2	4	BCNA		
chr10	96927218	100497478	3570260.0	2	2	HET		
chr10	100541634	100988933	447299.0	2	2	HET		
chr10	100992505	106714108	5721603.0	2	2	HET		
chr10	106714848	108280542	1565694.0	2	4	BCNA		
chr10	108282462	108787618	505156.0	2	2	HET		
chr10	108788670	111444273	2655603.0	2	4	BCNA		
chr10	111444680	112893130	1448450.0	2	2	HET		
chr10	112893623	113880067	986444.0	2	2	NLOH		
chr10	113883047	116766647	2883600.0	2	2	HET		
chr10	116770001	117641230	871229.0	2	4	BCNA		
chr10	117641336	129339695	11698359.0	2	2	HET		
chr10	129339809	129622014	282205.0	2	2	HET		
chr10	129622743	135524431	5901688.0	2	2	HET		
chr11	113412	168042	54630.0	2	4	ASCNA		
chr11	168842	4147004	3978162.0	2	2	HET		
chr11	4148948	5534114	1385166.0	2	2	HET		
chr11	5534276	6898540	1364264.0	2	2	NLOH		
chr11	6898663	7433043	534380.0	2	4	BCNA		
chr11	7433299	8421124	987825.0	2	3	ASCNA		
chr11	8421393	8615911	194518.0	2	7	ASCNA		
chr11	8625817	16091187	7465370.0	2	2	HET		
chr11	16104217	16583869	479652.0	2	4	BCNA		
chr11	16586603	18270134	1683531.0	2	2	HET		
chr11	18272389	18862233	589844.0	2	2	NLOH		
chr11	18862562	19048033	185471.0	2	4	BCNA		
chr11	19079209	20692208	1612999.0	2	2	NLOH		
chr11	20692285	29725757	9033472.0	2	3	ASCNA		
chr11	29726197	34578340	4852143.0	2	2	HET		
chr11	34579376	36736611	2157235.0	2	3	ASCNA		
chr11	36776541	43169997	6393456.0	2	4	BCNA		
chr11	43170611	43204895	34284.0	2	7	ASCNA		
chr11	43206043	48180651	4974608.0	2	2	HET		
chr11	48242096	51585136	3343040.0	2	6	ASCNA		
chr11	54713558	56961976	2248418.0	2	4	BCNA		
chr11	56963382	57834145	870763.0	2	2	HET		
chr11	57834394	60250742	2416348.0	2	4	BCNA		
chr11	60252375	62055068	1802693.0	2	2	HET		
chr11	62055129	62073305	18176.0	2	4	BCNA		
chr11	62073452	62833865	760413.0	2	2	HET		
chr11	62836184	63166931	330747.0	2	4	BCNA		
chr11	63187223	79237436	16050213.0	2	2	HET		
chr11	79239197	85129186	5889989.0	2	4	BCNA		
chr11	85130640	87103844	1973204.0	2	2	HET		
chr11	87108509	89458632	2350123.0	2	4	BCNA		
chr11	89458909	89829955	371046.0	2	2	HET		
chr11	89830202	96628480	6798278.0	2	2	HET		
chr11	96629483	98014360	1384877.0	2	4	BCNA		
chr11	98015576	101766255	3750679.0	2	4	BCNA		
chr11	101769883	102536414	766531.0	2	2	HET		
chr11	102537222	107417801	4880579.0	2	4	BCNA		
chr11	107417952	108707317	1289365.0	2	2	HET		
chr11	108707405	109960423	1253018.0	2	4	BCNA		
chr11	109961376	110437368	475992.0	2	2	HET		
chr11	110458835	110640906	182071.0	2	4	BCNA		
chr11	110641218	114297935	3656717.0	2	2	NLOH		
chr11	114298395	115414722	1116327.0	2	2	HET		
chr11	115419648	122424125	7004477.0	2	2	HET		
chr11	122425056	123552480	1127424.0	2	2	NLOH		
chr11	123556252	124153273	597021.0	2	2	HET		
chr11	124154243	124303329	149086.0	2	4	ASCNA		
chr11	124305112	126509752	2204640.0	2	2	HET		
chr11	126512418	128409084	1896666.0	2	2	NLOH		
chr11	128410836	134871585	6460749.0	2	2	HET		
chr12	62122	2876636	2814514.0	2	2	HET		
chr12	3152620	11507267	8354647.0	2	2	HET		
chr12	11508036	11543338	35302.0	2	4	BCNA		
chr12	12332303	13474563	1142260.0	2	2	NLOH		
chr12	13477677	13882512	404835.0	2	4	BCNA		
chr12	13883684	19175928	5292244.0	2	2	HET		
chr12	19176545	19795300	618755.0	2	2	HET		
chr12	19829318	25019244	5189926.0	2	3	ASCNA		
chr12	25020548	28571561	3551013.0	2	2	HET		
chr12	28572878	28945818	372940.0	2	4	BCNA		
chr12	28951600	30244873	1293273.0	2	2	HET		
chr12	30245249	34276942	4031693.0	2	2	HET		
chr12	34279444	34560107	280663.0	2	2	HET		
chr12	34561151	34850205	289054.0	2	7	ASCNA		
chr12	37856814	37987428	130614.0	2	9	ASCNA		
chr12	37988001	38439203	451202.0	2	4	BCNA		
chr12	38440294	42388399	3948105.0	2	4	BCNA		
chr12	42392447	43103141	710694.0	2	2	HET		
chr12	43104222	48778354	5674132.0	2	2	HET		
chr12	48783483	48874765	91282.0	2	4	BCNA		
chr12	48876212	55049450	6173238.0	2	2	HET		
chr12	55053543	56004059	950516.0	2	4	ASCNA		
chr12	56011457	58523678	2512221.0	2	2	HET		
chr12	58524492	63777984	5253492.0	2	4	BCNA		
chr12	63779766	65220367	1440601.0	2	2	HET		
chr12	65222347	68502505	3280158.0	2	3	ASCNA		
chr12	68502890	72389202	3886312.0	2	2	HET		
chr12	72390964	77504901	5113937.0	2	3	ASCNA		
chr12	77508673	93045145	15536472.0	2	3	ASCNA		
chr12	93045760	96945822	3900062.0	2	2	HET		
chr12	96948473	98713713	1765240.0	2	4	BCNA		
chr12	98714322	99359348	645026.0	2	2	NLOH		
chr12	99359460	100375988	1016528.0	2	2	NLOH		
chr12	100376900	101172474	795574.0	2	2	NLOH		
chr12	101173507	101437809	264302.0	2	4	BCNA		
chr12	101439495	102348968	909473.0	2	2	HET		
chr12	102349862	106455148	4105286.0	2	2	HET		
chr12	106458238	108360118	1901880.0	2	2	HET		
chr12	108362134	108429702	67568.0	2	4	BCNA		
chr12	108431904	114462073	6030169.0	2	2	NLOH		
chr12	114463973	114750018	286045.0	2	2	HET		
chr12	114879632	115329869	450237.0	2	1	DLOH		
chr12	115334473	125821330	10486857.0	2	2	NLOH		
chr12	125821545	133841539	8019994.0	2	2	HET		
chr13	19020917	19067385	46468.0	2	7	ASCNA		
chr13	19068402	19095243	26841.0	2	11	ASCNA		
chr13	19096069	19917266	821197.0	2	3	ASCNA		
chr13	19917509	22605881	2688372.0	2	2	NLOH		
chr13	22606211	22932693	326482.0	2	2	HET		
chr13	22933624	23004188	70564.0	2	4	BCNA		
chr13	23010493	47402024	24391531.0	2	2	NLOH		
chr13	47410103	49519421	2109318.0	2	2	HET		
chr13	49521542	53695378	4173836.0	2	2	NLOH		
chr13	53703658	64419802	10716144.0	2	4	BCNA		
chr13	64421730	73120302	8698572.0	2	4	ASCNA		
chr13	73124454	80626142	7501688.0	2	2	NLOH		
chr13	80626473	80973027	346554.0	2	2	HET		
chr13	80975547	94948403	13972856.0	2	4	BCNA		
chr13	94952874	96470992	1518118.0	2	2	HET		
chr13	96473635	98502729	2029094.0	2	2	HET		
chr13	98504532	101544713	3040181.0	2	2	NLOH		
chr13	101545052	110301584	8756532.0	2	2	HET		
chr13	110302154	112931299	2629145.0	2	2	HET		
chr13	112933129	112966793	33664.0	2	6	ASCNA		
chr13	112976087	115109546	2133459.0	2	2	NLOH		
chr14	19000422	19054711	54289.0	2	15	ASCNA		
chr14	19056294	20156495	1100201.0	2	2	HET		
chr14	20160593	20251569	90976.0	2	8	ASCNA		
chr14	20253310	20379520	126210.0	2	2	HET		
chr14	20379698	20632398	252700.0	2	4	BCNA		
chr14	20633541	22337181	1703640.0	2	2	HET		
chr14	22337393	22688439	351046.0	2	7	ASCNA		
chr14	22692904	23507367	814463.0	2	2	NLOH		
chr14	23509364	31212801	7703437.0	2	4	BCNA		
chr14	31214671	36379397	5164726.0	2	2	NLOH		
chr14	36381425	39229004	2847579.0	2	3	ASCNA		
chr14	39232015	45334238	6102223.0	2	4	BCNA		
chr14	45334503	46041390	706887.0	2	2	HET		
chr14	46041505	49855807	3814302.0	2	4	BCNA		
chr14	49874603	51468864	1594261.0	2	2	HET		
chr14	51470138	53832870	2362732.0	2	2	HET		
chr14	53833528	54640317	806789.0	2	6	ASCNA		
chr14	54643363	56079865	1436502.0	2	2	NLOH		
chr14	56081363	57937059	1855696.0	2	2	HET		
chr14	57952819	58565536	612717.0	2	4	BCNA		
chr14	58567265	62364992	3797727.0	2	2	HET		
chr14	62365216	63843669	1478453.0	2	4	BCNA		
chr14	63843815	66397369	2553554.0	2	2	HET		
chr14	66402260	67127993	725733.0	2	2	HET		
chr14	67128346	70333355	3205009.0	2	2	HET		
chr14	70334372	78722783	8388411.0	2	2	HET		
chr14	78725336	82168635	3443299.0	2	5	ASCNA		
chr14	82169708	88518160	6348452.0	2	4	BCNA		
chr14	88518161	99315480	10797319.0	2	2	NLOH		
chr14	99317080	106008316	6691236.0	2	2	HET		
chr14	106009572	106272345	262773.0	2	2	HET		
chr14	106275531	107288377	1012846.0	2	2	HET		
chr15	20000638	20043989	43351.0	2	8	BCNA		
chr15	20044198	20566353	522155.0	2	3	ASCNA		
chr15	20566945	20621139	54194.0	2	4	ASCNA		
chr15	20621378	22176560	1555182.0	2	3	ASCNA		
chr15	22177212	22383064	205852.0	2	4	BCNA		
chr15	22384427	23603413	1218986.0	2	3	ASCNA		
chr15	23603641	24233142	629501.0	2	2	HET		
chr15	24235320	28545569	4310249.0	2	2	NLOH		
chr15	28545851	28999168	453317.0	2	3	ASCNA		
chr15	29000247	30380642	1380395.0	2	2	HET		
chr15	30384522	30851828	467306.0	2	2	HET		
chr15	30874022	32444596	1570574.0	2	2	HET		
chr15	32445670	32884273	438603.0	2	3	ASCNA		
chr15	32886028	34884878	1998850.0	2	2	HET		
chr15	34886738	35763444	876706.0	2	2	HET		
chr15	35763711	38191056	2427345.0	2	4	BCNA		
chr15	38202061	39845989	1643928.0	2	2	HET		
chr15	39848772	46136823	6288051.0	2	2	HET		
chr15	46140399	49530823	3390424.0	2	3	ASCNA		
chr15	49532730	50435514	902784.0	2	4	BCNA		
chr15	50437051	52937825	2500774.0	2	2	NLOH		
chr15	52957472	55400961	2443489.0	2	2	NLOH		
chr15	55401515	56543422	1141907.0	2	2	NLOH		
chr15	56544917	56770817	225900.0	2	7	ASCNA		
chr15	56771245	60124263	3353018.0	2	2	HET		
chr15	60128169	86453180	26325011.0	2	2	HET		
chr15	86453480	88469792	2016312.0	2	4	BCNA		
chr15	88470246	91663477	3193231.0	2	2	HET		
chr15	91665392	92044628	379236.0	2	2	HET		
chr15	92044930	92081441	36511.0	2	4	BCNA		
chr15	92082761	94099726	2016965.0	2	2	HET		
chr15	94103002	100356619	6253617.0	2	2	HET		
chr15	100357435	100375816	18381.0	2	17	ASCNA		
chr15	100376854	102162653	1785799.0	2	2	NLOH		
chr15	102163404	102513991	350587.0	2	2	HET		
chr16	66632	10260951	10194319.0	2	2	HET		
chr16	10261812	14963210	4701398.0	2	2	HET		
chr16	14963931	15123280	159349.0	2	3	ASCNA		
chr16	15125441	16731372	1605931.0	2	2	NLOH		
chr16	16732346	33323021	16590675.0	2	2	HET		
chr16	33332728	34466049	1133321.0	2	2	NLOH		
chr16	46386886	46482409	95523.0	2	6	BCNA		
chr16	46517231	56849811	10332580.0	2	2	HET		
chr16	56956854	58891754	1934900.0	2	2	HET		
chr16	58894044	65656761	6762717.0	2	4	BCNA		
chr16	65657147	70828269	5171122.0	2	2	NLOH		
chr16	70831787	71381431	549644.0	2	2	HET		
chr16	71381879	74288363	2906484.0	2	2	HET		
chr16	74289877	75765311	1475434.0	2	2	HET		
chr16	75765517	84843552	9078035.0	2	2	HET		
chr16	85118036	90292473	5174437.0	2	2	HET		
chr17	3936	2954029	2950093.0	2	2	HET		
chr17	2954930	22192695	19237765.0	2	2	HET		
chr17	22194839	22261294	66455.0	2	8	BCNA		
chr17	25268142	25303977	35835.0	2	4	ASCNA		
chr17	25307829	31862556	6554727.0	2	2	HET		
chr17	31863434	49522487	17659053.0	2	2	HET		
chr17	49523108	53304151	3781043.0	2	4	BCNA		
chr17	53306994	53658133	351139.0	2	2	HET		
chr17	53660191	54761543	1101352.0	2	4	BCNA		
chr17	54762165	66518306	11756141.0	2	2	HET		
chr17	66518663	70104980	3586317.0	2	2	HET		
chr17	70106428	79165972	9059544.0	2	2	HET		
chr18	11780	905203	893423.0	2	2	HET		
chr18	905887	2458811	1552924.0	2	3	ASCNA		
chr18	2483141	6862663	4379522.0	2	2	HET		
chr18	6863607	7489177	625570.0	2	2	HET		
chr18	7490161	8176865	686704.0	2	2	HET		
chr18	8178318	15379318	7201000.0	2	2	HET		
chr18	15382106	15410245	28139.0	2	14	ASCNA		
chr18	18529357	19867520	1338163.0	2	2	HET		
chr18	19867558	20503976	636418.0	2	2	HET		
chr18	20504136	28986333	8482197.0	2	2	HET		
chr18	28986826	29972774	985948.0	2	2	HET		
chr18	29996476	32651059	2654583.0	2	4	ASCNA		
chr18	32657213	35326651	2669438.0	2	2	NLOH		
chr18	35328601	54674082	19345481.0	2	2	HET		
chr18	54675384	57652585	2977201.0	2	2	HET		
chr18	57660867	59980535	2319668.0	2	2	HET		
chr18	59980739	61152130	1171391.0	2	2	HET		
chr18	61152317	71505511	10353194.0	2	2	HET		
chr18	71507258	76610371	5103113.0	2	2	NLOH		
chr19	81769	20428182	20346413.0	2	2	HET		
chr19	20429653	21049929	620276.0	2	2	HET		
chr19	21052644	21099247	46603.0	2	7	ASCNA		
chr19	21101586	22089575	987989.0	2	2	HET		
chr19	22090871	22111366	20495.0	2	6	BCNA		
chr19	22111579	24417525	2305946.0	2	2	NLOH		
chr19	24419378	24602161	182783.0	2	8	BCNA		
chr19	27736063	28259828	523765.0	2	8	ASCNA		
chr19	28264839	29264128	999289.0	2	2	HET		
chr19	29264463	40046086	10781623.0	2	2	HET		
chr19	40048407	40255830	207423.0	2	2	HET		
chr19	40256676	44952236	4695560.0	2	2	HET		
chr19	44960013	59116754	14156741.0	2	2	HET		
chr20	68749	208345	139596.0	2	2	HET		
chr20	210061	6153479	5943418.0	2	2	HET		
chr20	6154996	17154695	10999699.0	2	3	ASCNA		
chr20	17159204	18896433	1737229.0	2	2	NLOH		
chr20	18897424	18919289	21865.0	2	6	BCNA		
chr20	18920480	23705090	4784610.0	2	2	HET		
chr20	23706648	23721855	15207.0	2	5	ASCNA		
chr20	23722319	25863767	2141448.0	2	2	HET		
chr20	25863992	25936494	72502.0	2	7	ASCNA		
chr20	25936875	26259855	322980.0	2	2	HET		
chr20	26261256	26286219	24963.0	2	5	ASCNA		
chr20	29420297	29483484	63187.0	2	4	BCNA		
chr20	29488046	29652879	164833.0	2	2	HET		
chr20	29813179	29852628	39449.0	2	4	BCNA		
chr20	29855849	37937661	8081812.0	2	2	HET		
chr20	37938781	38812702	873921.0	2	4	BCNA		
chr20	38820100	51322084	12501984.0	2	2	NLOH		
chr20	51338577	51876532	537955.0	2	2	HET		
chr20	51878763	52839438	960675.0	2	2	HET		
chr20	52841445	54726569	1885124.0	2	2	HET		
chr20	54728753	59606573	4877820.0	2	2	HET		
chr20	59607170	61655995	2048825.0	2	2	HET		
chr21	9414533	9594386	179853.0	2	5	ASCNA		
chr21	9594566	9740991	146425.0	2	3	ASCNA		
chr21	9741049	9844650	103601.0	2	3	ASCNA		
chr21	9844738	9990406	145668.0	2	3	ASCNA		
chr21	9991455	10123484	132029.0	2	4	ASCNA		
chr21	10124364	10397489	273125.0	2	4	ASCNA		
chr21	10400177	10415094	14917.0	2	13	ASCNA		
chr21	10415963	10546634	130671.0	2	4	BCNA		
chr21	10547739	10569117	21378.0	2	6	BCNA		
chr21	10571755	10635506	63751.0	2	2	HET		
chr21	10635672	10735146	99474.0	2	14	ASCNA		
chr21	10735505	10857872	122367.0	2	6	BCNA		
chr21	10858061	11187743	329682.0	2	3	ASCNA		
chr21	14340641	14368893	28252.0	2	12	BCNA		
chr21	14370617	28844493	14473876.0	2	3	ASCNA		
chr21	28844948	30203641	1358693.0	2	2	HET		
chr21	30203848	30885620	681772.0	2	2	HET		
chr21	30886491	32166908	1280417.0	2	4	ASCNA		
chr21	32168483	37354011	5185528.0	2	2	NLOH		
chr21	37354139	42308567	4954428.0	2	2	NLOH		
chr21	42311224	42357150	45926.0	2	4	BCNA		
chr21	42357716	48119735	5762019.0	2	2	NLOH		
chr22	16231999	17486521	1254522.0	2	2	HET		
chr22	17486964	18671657	1184693.0	2	2	HET		
chr22	18672038	18873309	201271.0	2	3	ASCNA		
chr22	18873806	21470346	2596540.0	2	2	HET		
chr22	21470576	21679500	208924.0	2	3	ASCNA		
chr22	21680976	34417617	12736641.0	2	2	HET		
chr22	34421920	51242016	16820096.0	2	2	HET		
